-------------------
N_Bond MOV_SI/NO TOTAL
1  120 2224865 2224985
2  263 2223526 2223789
3  0 202160 202160
4  0 202749 202749
5  0 202332 202332
6  0 202848 202848
7  0 201076 201076
8  0 202828 202828
9  0 202705 202705
10  0 202587 202587
11  0 201859 201859
12  0 202192 202192
13  0 202592 202592
14  0 202018 202018
15  0 201347 201347
16  0 202120 202120
17  0 201959 201959
18  0 202241 202241
19  0 202628 202628
20  0 201794 201794
21  0 201804 201804
22  0 203503 203503
23  0 201562 201562
24  0 202539 202539
25  0 202423 202423
26  1 203087 203088
27  0 202327 202327
28  0 202264 202264
29  0 202437 202437
30  0 202283 202283
31  0 202247 202247
32  0 202342 202342
33  0 202473 202473
34  0 202081 202081
35  0 202833 202833
36  0 201244 201244
37  0 202917 202917
38  0 202500 202500
39  0 202781 202781
40  0 202002 202002
41  0 201476 201476
42  0 202045 202045
43  0 202391 202391
44  0 202732 202732
45  0 202178 202178
46  0 201867 201867
47  0 202701 202701
48  0 202783 202783
49  0 202310 202310
50  0 202447 202447
51  0 201769 201769
52  0 202323 202323
53  0 202085 202085
54  1 202927 202928
55  1 201950 201951
56  0 202816 202816
57  0 201644 201644
58  0 201836 201836
59  0 202881 202881
60  0 201708 201708
61  0 202499 202499
62  0 202081 202081
63  0 202207 202207
64  0 202487 202487
65  0 202784 202784
66  0 202529 202529
67  0 201346 201346
68  0 202422 202422
69  0 203266 203266
70  0 202176 202176
71  0 201974 201974
72  0 202227 202227
73  0 202389 202389
74  0 202833 202833
75  0 202121 202121
76  0 202327 202327
77  0 201860 201860
78  0 202631 202631
79  0 202270 202270
80  0 201678 201678
81  0 203014 203014
82  0 202986 202986
83  0 202127 202127
84  0 202007 202007
85  0 202236 202236
86  0 202821 202821
87  0 202353 202353
88  0 202214 202214
89  0 201486 201486
90  0 202565 202565
91  0 202384 202384
92  0 202010 202010
93  0 202137 202137
94  0 202419 202419
95  0 202205 202205
96  0 202277 202277
97  0 202728 202728
98  0 203141 203141
99  0 202391 202391
100  0 202742 202742
101  0 202747 202747
102  0 201492 201492
103  0 202902 202902
104  0 202231 202231
105  0 202481 202481
106  0 202655 202655
107  0 202204 202204
108  0 201936 201936
109  0 202417 202417
110  0 202162 202162
111  0 202724 202724
112  0 201643 201643
113  0 201984 201984
114  0 201797 201797
115  0 201949 201949
116  0 202408 202408
117  0 202699 202699
118  0 202303 202303
119  0 202205 202205
120  0 202007 202007
121  0 201928 201928
122  0 202970 202970
123  0 202748 202748
124  1 202159 202160
125  0 202273 202273
126  0 202394 202394
127  1 201666 201667
128  1 203062 203063
129  0 202263 202263
130  0 202466 202466
131  0 201847 201847
132  1 201891 201892
133  0 202520 202520
134  7 201626 201633
135  0 202293 202293
136  0 202232 202232
137  0 201829 201829
138  10 201848 201858
139  7 202090 202097
140  0 202297 202297
141  0 201585 201585
142  0 201672 201672
143  0 202293 202293
144  2 202178 202180
145  0 202093 202093
146  0 202046 202046
147  0 202617 202617
148  0 202295 202295
149  0 202875 202875
150  0 202391 202391
151  0 203230 203230
152  0 202796 202796
153  0 202922 202922
154  0 200763 200763
155  1 202674 202675
156  6 202014 202020
157  3 202181 202184
158  0 201319 201319
159  0 202184 202184
160  0 202762 202762
161  0 202128 202128
162  0 201563 201563
163  1 202730 202731
164  0 202398 202398
165  6 202226 202232
166  10 201605 201615
167  20 201844 201864
168  2 202661 202663
169  0 202178 202178
170  0 202133 202133
171  9 201636 201645
172  0 202673 202673
173  0 202367 202367
174  0 202828 202828
175  1 202038 202039
176  0 203189 203189
177  0 201499 201499
178  0 202003 202003
179  4 201535 201539
180  0 203820 203820
181  0 202640 202640
182  2 201902 201904
183  8 202992 203000
184  1 201907 201908
185  13 201811 201824
186  9 202317 202326
187  52 202081 202133
188  1 202081 202082
189  0 201771 201771
190  1 202034 202035
191  1 202440 202441
192  9 202284 202293
193  0 202351 202351
194  16 202733 202749
195  17 202290 202307
196  6 202001 202007
197  2 202273 202275
198  1 201869 201870
199  0 201979 201979
200  43 201772 201815
-------------------
Configuracions MC acceptades:  0.00148543
Configuracions analitzades per AVG 100,90,80,50: 5000 4451 3951 2451
AVG100%: r2= 191638 s2= 15868.1 q= -19.02 Cn= 118.257  Lx = 0.767893 L_pers= 169.733 L_kuhn= 336.62 Cov= 0.6196 log(Kc)= 4.21187
AVG90%: r2= 192028 s2= 15907.3 q= -19.0273 Cn= 118.499  Lx = 0.768587 L_pers= 170.076 L_kuhn= 337.306 Cov= 0.619455 log(Kc)= 4.2116
AVG80%: r2= 192303 s2= 15933.9 q= -19.0209 Cn= 118.668  Lx = 0.769097 L_pers= 170.318 L_kuhn= 337.789 Cov= 0.619582 log(Kc)= 4.21184
AVG50%: r2= 192705 s2= 15972 q= -19.017 Cn= 118.916  Lx = 0.769794 L_pers= 170.67 L_kuhn= 338.494 Cov= 0.61966 log(Kc)= 4.21198
% Rotation acceptance: 0.00539351
% stretching and bending acceptance: 0.0287967
% C-C in trans: -nan
% C-N in trans: -nan
% bonds in trans: 11.1082
Total average EDebye (kcal/mol): 0.134773
Average EDebye increase in protonation/desprotonation: 0.0137518
