----------------------------------------------------------------
***********************Input data check*************************
----------------------------------------------------------------

Number of atoms: 201
System temperature: 298.15
Number of Configurations: 50000000
Random seed: -1614784276
System pH: 4
System ionic strengh: 1
Chain:                O-C-Q-N-O-C-Q-N-O-C-Q-N-O-C-Q-N-O-C-Q-N-O-C-Q-N-O-C-Q-N-O-C-Q-N-O-C-Q-N-O-C-Q-N-O-C-Q-N-O-C-Q-N-O-C-Q-N-O-C-Q-N-O-C-Q-N-O-C-Q-N-O-C-Q-N-O-C-Q-N-O-C-Q-N-O-C-Q-N-O-C-Q-N-O-C-Q-N-O-C-Q-N-O-C-Q-N-O-C-Q-N-O-C-Q-N-O-C-Q-N-O-C-Q-N-O-C-Q-N-O-C-Q-N-O-C-Q-N-O-C-Q-N-O-C-Q-N-O-C-Q-N-O-C-Q-N-O-C-Q-N-O-C-Q-N-O-C-Q-N-O-C-Q-N-O-C-Q-N-O-C-Q-N-O-C-Q-N-O-C-Q-N-O-C-Q-N-O-C-Q-N-O-C-Q-N-O-C-Q-N-O-C-Q-N-O-C-Q-N-O-C-Q-N-O
Pka list:             -100 4.2 -100 -100 -100 4.2 -100 -100 -100 4.2 -100 -100 -100 4.2 -100 -100 -100 4.2 -100 -100 -100 4.2 -100 -100 -100 4.2 -100 -100 -100 4.2 -100 -100 -100 4.2 -100 -100 -100 4.2 -100 -100 -100 4.2 -100 -100 -100 4.2 -100 -100 -100 4.2 -100 -100 -100 4.2 -100 -100 -100 4.2 -100 -100 -100 4.2 -100 -100 -100 4.2 -100 -100 -100 4.2 -100 -100 -100 4.2 -100 -100 -100 4.2 -100 -100 -100 4.2 -100 -100 -100 4.2 -100 -100 -100 4.2 -100 -100 -100 4.2 -100 -100 -100 4.2 -100 -100 -100 4.2 -100 -100 -100 4.2 -100 -100 -100 4.2 -100 -100 -100 4.2 -100 -100 -100 4.2 -100 -100 -100 4.2 -100 -100 -100 4.2 -100 -100 -100 4.2 -100 -100 -100 4.2 -100 -100 -100 4.2 -100 -100 -100 4.2 -100 -100 -100 4.2 -100 -100 -100 4.2 -100 -100 -100 4.2 -100 -100 -100 4.2 -100 -100 -100 4.2 -100 -100 -100 4.2 -100 -100 -100 4.2 -100 -100 -100 4.2 -100 -100 -100 4.2 -100 -100 -100 4.2 -100 -100 -100 4.2 -100 -100 -100 4.2 -100 -100 -100 4.2 -100 -100 -100 4.2 -100 -100 -100 
Atomic Radius:        1 4.1 1 4.7 1 4.1 1 4.7 1 4.1 1 4.7 1 4.1 1 4.7 1 4.1 1 4.7 1 4.1 1 4.7 1 4.1 1 4.7 1 4.1 1 4.7 1 4.1 1 4.7 1 4.1 1 4.7 1 4.1 1 4.7 1 4.1 1 4.7 1 4.1 1 4.7 1 4.1 1 4.7 1 4.1 1 4.7 1 4.1 1 4.7 1 4.1 1 4.7 1 4.1 1 4.7 1 4.1 1 4.7 1 4.1 1 4.7 1 4.1 1 4.7 1 4.1 1 4.7 1 4.1 1 4.7 1 4.1 1 4.7 1 4.1 1 4.7 1 4.1 1 4.7 1 4.1 1 4.7 1 4.1 1 4.7 1 4.1 1 4.7 1 4.1 1 4.7 1 4.1 1 4.7 1 4.1 1 4.7 1 4.1 1 4.7 1 4.1 1 4.7 1 4.1 1 4.7 1 4.1 1 4.7 1 4.1 1 4.7 1 4.1 1 4.7 1 4.1 1 4.7 1 4.1 1 4.7 1 4.1 1 4.7 1 4.1 1 4.7 1 4.1 1 4.7 1 4.1 1 4.7 1 4.1 1 4.7 1 4.1 1 4.7 1 4.1 1 4.7 1 4.1 1 4.7 1 4.1 1 4.7 1 4.1 1 4.7 1 
Higher charge values: 0 0 0 0 0 0 0 0 0 0 0 0 0 0 0 0 0 0 0 0 0 0 0 0 0 0 0 0 0 0 0 0 0 0 0 0 0 0 0 0 0 0 0 0 0 0 0 0 0 0 0 0 0 0 0 0 0 0 0 0 0 0 0 0 0 0 0 0 0 0 0 0 0 0 0 0 0 0 0 0 0 0 0 0 0 0 0 0 0 0 0 0 0 0 0 0 0 0 0 0 0 0 0 0 0 0 0 0 0 0 0 0 0 0 0 0 0 0 0 0 0 0 0 0 0 0 0 0 0 0 0 0 0 0 0 0 0 0 0 0 0 0 0 0 0 0 0 0 0 0 0 0 0 0 0 0 0 0 0 0 0 0 0 0 0 0 0 0 0 0 0 0 0 0 0 0 0 0 0 0 0 0 0 0 0 0 0 0 0 0 0 0 0 0 0 0 0 0 0 0 0 
Lower charge values:  0 -1 0 0 0 -1 0 0 0 -1 0 0 0 -1 0 0 0 -1 0 0 0 -1 0 0 0 -1 0 0 0 -1 0 0 0 -1 0 0 0 -1 0 0 0 -1 0 0 0 -1 0 0 0 -1 0 0 0 -1 0 0 0 -1 0 0 0 -1 0 0 0 -1 0 0 0 -1 0 0 0 -1 0 0 0 -1 0 0 0 -1 0 0 0 -1 0 0 0 -1 0 0 0 -1 0 0 0 -1 0 0 0 -1 0 0 0 -1 0 0 0 -1 0 0 0 -1 0 0 0 -1 0 0 0 -1 0 0 0 -1 0 0 0 -1 0 0 0 -1 0 0 0 -1 0 0 0 -1 0 0 0 -1 0 0 0 -1 0 0 0 -1 0 0 0 -1 0 0 0 -1 0 0 0 -1 0 0 0 -1 0 0 0 -1 0 0 0 -1 0 0 0 -1 0 0 0 -1 0 0 0 -1 0 0 0 -1 0 0 0 -1 0 0 0 
Transfer Matrix list:  1 2 3 8 5 6 7 8 5 6 7 8 5 6 7 8 5 6 7 8 5 6 7 8 5 6 7 8 5 6 7 8 5 6 7 8 5 6 7 8 5 6 7 8 5 6 7 8 5 6 7 8 5 6 7 8 5 6 7 8 5 6 7 8 5 6 7 8 5 6 7 8 5 6 7 8 5 6 7 8 5 6 7 8 5 6 7 8 5 6 7 8 5 6 7 8 5 6 7 8 5 6 7 8 5 6 7 8 5 6 7 8 5 6 7 8 5 6 7 8 5 6 7 8 5 6 7 8 5 6 7 8 5 6 7 8 5 6 7 8 5 6 7 8 5 6 7 8 5 6 7 8 5 6 7 8 5 6 7 8 5 6 7 8 5 6 7 8 5 6 7 8 5 6 7 8 5 6 7 8 5 6 7 8 5 6 7 8 5 6 7 8 5 6 7 8 5 2 3 0 
Are the long range interaction (Debye potential) included? Yes

--------------Initial properties of the polymer---------------

Conformational energy: 0
 Protonation energy: 0
 Debye long range interaction energy: 0.903119
 Mechanical Work: -462.122
 Total energy: -461.219
Flory aproximated value of r^2: 9812.24
Flory aproximated value of s^2: 1595.8

------Initial structure of the polymer in xyz format-----------

201
POLIAMINA $ TRANS  $ NUMATOMS 201
O 0 0 0
C 2.81 0 0
Q 5.48548 0.859004 0
N 8.06232 0.935387 1.23842
O 10.4062 -0.0682635 -0.0571426
C 12.2962 1.98989 -0.35388
Q 14.6571 3.50194 -0.164889
N 16.87 4.80682 -1.42194
O 17.3409 7.61427 -1.14614
C 19.8543 8.0562 0.0300927
Q 22.4961 8.91478 0.454059
N 24.4011 10.4065 1.97898
O 26.6485 9.16773 3.24162
C 29.036 10.2629 2.24348
Q 31.5212 11.5648 2.08426
N 34.3067 11.5145 1.4375
O 35.4467 13.2528 -0.526773
C 37.422 14.8682 0.649921
Q 39.8891 16.0799 1.23411
N 41.5053 18.4297 1.44866
O 42.7266 19.2198 3.91115
C 45.5194 19.3092 3.61363
Q 48.1734 20.2289 3.53383
N 50.8707 20.0942 4.4751
O 53.0631 19.4979 2.73799
C 54.8967 21.6273 2.73884
Q 57.2551 23.127 3.02955
N 59.308 24.7603 1.89035
O 59.79 27.438 2.77188
C 62.4153 27.6711 3.74639
Q 65.0827 28.4897 4.0795
N 67.1356 29.6415 5.70386
O 69.5159 28.213 6.39187
C 71.7722 29.5874 5.43456
Q 74.2169 30.9686 5.32602
N 76.9141 31.1602 4.3946
O 77.8202 33.3465 2.78863
C 79.9038 34.7025 4.09855
Q 82.4132 35.821 4.68854
N 84.0294 38.1049 5.28123
O 85.5104 38.3331 7.71725
C 88.2527 38.5787 7.15539
Q 90.8763 39.5753 7.01516
N 93.6617 39.3093 7.60672
O 95.6524 39.2076 5.55573
C 97.4623 41.3344 5.8668
Q 99.8297 42.7982 6.2531
N 101.735 44.7178 5.32244
O 102.295 47.1276 6.75703
C 105.011 47.2087 7.47543
Q 107.694 48.0107 7.70862
N 109.907 48.8136 9.33282
O 112.357 47.3399 9.40688
C 114.485 48.9717 8.56901
Q 116.895 50.4168 8.53252
N 119.472 50.9075 7.39281
O 120.182 53.4374 6.26378
C 122.39 54.5135 7.62943
Q 124.942 55.5414 8.19847
N 126.601 57.6725 9.14075
O 128.34 57.3694 11.3906
C 131.002 57.8271 10.6158
Q 133.588 58.9118 10.4387
N 136.424 58.6031 10.652
O 138.176 59.0492 8.43643
C 139.997 61.1 9.04901
Q 142.384 62.5067 9.51816
N 144.163 64.6507 8.87238
O 144.865 66.6728 10.7693
C 147.642 66.6694 11.1948
Q 150.33 67.4791 11.3259
N 152.704 67.9482 12.8504
O 155.156 66.577 12.3134
C 157.169 68.4268 11.6654
Q 159.551 69.916 11.7173
N 161.984 70.7423 10.4601
O 162.55 73.4878 9.89376
C 164.889 74.2828 11.2338
Q 167.483 75.2291 11.7566
N 169.222 77.131 12.9958
O 171.201 76.3636 14.9126
C 173.759 77.0748 13.991
Q 176.303 78.2525 13.803
N 179.146 77.9926 13.6357
O 180.641 79.002 11.4161
C 182.506 80.9085 12.3007
Q 184.922 82.2409 12.8343
N 186.607 84.5321 12.5301
O 187.501 86.0736 14.7668
C 190.309 86.0587 14.8829
Q 192.99 86.9 14.9167
N 195.515 87.0733 16.2487
O 197.9 85.9453 15.1458
C 199.819 87.9586 14.7449
Q 202.184 89.469 14.8956
N 204.458 90.6443 13.6196
O 204.942 93.4627 13.663
C 207.409 93.9948 14.8979
Q 210.039 94.8738 15.3523
N 211.894 96.486 16.8154
O 214.077 95.3533 18.2753
C 216.513 96.3421 17.2828
Q 219.014 97.6112 17.1109
N 221.823 97.4885 16.5868
O 223.058 99.0379 14.524
C 224.998 100.742 15.6324
Q 227.45 101.988 16.2076
N 229.077 104.339 16.2782
O 230.204 105.34 18.7087
C 233.008 105.387 18.52
Q 235.671 106.282 18.4681
N 238.326 106.218 19.5282
O 240.582 105.457 17.9432
C 242.433 107.568 17.8298
Q 244.791 109.075 18.0827
N 246.903 110.589 16.8881
O 247.373 113.332 17.5464
C 249.958 113.638 18.6038
Q 252.617 114.469 18.9724
N 254.613 115.75 20.5709
O 256.95 114.377 21.4813
C 259.256 115.648 20.4992
Q 261.715 117.001 20.3689
N 264.45 117.094 19.5363
O 265.44 119.123 17.7805
C 267.481 120.579 19.0491
Q 269.974 121.733 19.6401
N 271.585 124.052 20.0929
O 272.968 124.49 22.5579
C 275.733 124.669 22.0901
Q 278.369 125.636 21.97
N 281.125 125.409 22.6974
O 283.197 125.113 20.7476
C 285.011 127.25 20.9422
Q 287.374 128.73 21.2938
N 289.333 130.548 20.275
O 289.856 133.074 21.5108
C 292.541 133.205 22.3306
Q 295.219 134.01 22.602
N 297.371 134.943 24.238
O 299.803 133.469 24.5444
C 301.978 135.008 23.6529
Q 304.4 136.431 23.5872
N 307.026 136.804 22.5156
O 307.804 139.219 21.1957
C 309.964 140.402 22.5499
Q 312.5 141.463 23.1298
N 314.138 143.661 23.9459
O 315.782 143.551 26.2837
C 318.477 143.923 25.5818
Q 321.078 144.974 25.4155
N 323.899 144.671 25.7725
O 325.744 144.907 23.6002
C 327.557 146.995 24.102
Q 329.936 148.426 24.542
N 331.759 150.494 23.7815
O 332.401 152.674 25.5178
C 335.158 152.694 26.0563
Q 337.846 153.498 26.2255
N 340.16 154.089 27.7987
O 342.619 152.662 27.488
C 344.674 154.436 26.7612
Q 347.065 155.911 26.7784
N 349.554 156.608 25.5539
O 350.168 159.289 24.7688
C 352.457 160.188 26.128
Q 355.036 161.164 26.671
N 356.74 163.16 27.8064
O 358.633 162.557 29.8641
C 361.232 163.169 28.989
Q 363.792 164.312 28.802
N 366.638 164.023 28.7761
O 368.23 164.821 26.5389
C 370.075 166.79 27.3262
Q 372.479 168.152 27.838
N 374.195 170.397 27.4005
O 375.012 172.128 29.5258
C 377.812 172.109 29.7585
Q 380.497 172.936 29.8278
N 382.967 173.214 31.2422
O 385.385 171.979 30.3437
C 387.337 173.938 29.8444
Q 389.707 175.443 29.9573
N 392.041 176.488 28.6765
O 392.549 179.296 28.4883
C 394.969 179.924 29.7716
Q 397.586 180.826 30.254
N 399.394 182.553 31.6428
O 401.505 181.544 33.2868
C 403.988 182.427 32.3115
Q 406.506 183.662 32.1304
N 409.332 183.478 31.7358
O 410.664 184.83 29.5958
C 412.572 186.616 30.627
Q 415.01 187.895 31.1894
N 416.654 190.234 31.1171
O 417.69 191.443 33.4931
C 420.499 191.459 33.4168
Q 423.17 192.331 33.3954
N 425.78 192.348 34.5657
O 428.091 191.436 33.1495

----------------------Transfer Matrix-------------------------

Matrix 1: E O C Q

1 1 1
1 1 1
1 1 1

u_trans: 1 u_gosh+: 1 u_gosh-: 1

Matrix 2: E C Q N

1 1 1
1 1 1
1 1 1

u_trans: 1 u_gosh+: 1 u_gosh-: 1

Matrix 3: E Q N O

1 1 1
1 1 1
1 1 1

u_trans: 1 u_gosh+: 1 u_gosh-: 1

Matrix 4: E N O

1 1 1
1 1 1
1 1 1

u_trans: 1 u_gosh+: 1 u_gosh-: 1

Matrix 5: O C Q

1 1 1
1 1 1
1 1 1

u_trans: 1 u_gosh+: 1 u_gosh-: 1

Matrix 6: C Q N

1 1 1
1 1 1
1 1 1

u_trans: 1 u_gosh+: 1 u_gosh-: 1

Matrix 7: Q N O

1 1 1
1 1 1
1 1 1

u_trans: 1 u_gosh+: 1 u_gosh-: 1

Matrix 8: N O C

1 1 1
1 1 1
1 1 1

u_trans: 1 u_gosh+: 1 u_gosh-: 1

Matrix 9: J K L

1 2 3
4 5 6
7 8 9

u_trans: 10 u_gosh+: 11 u_gosh-: 12

Matrix 10: Z M N

1 2 3
4 5 6
7 8 9

u_trans: 10 u_gosh+: 11 u_gosh-: 12
